cam_model: Pinhole
cam_width: 720
cam_height: 540
cam_fx: 353.6540189302263
cam_fy: 353.01548372647176
cam_cx: 362.4407167511296
cam_cy: 288.4941881913415
cam_d0: -0.039027237686972804
cam_d1: -0.007007232658408612
cam_d2: 0.004840825566050042
cam_d3: -0.001621433395224995
